COURSE provisional-linear / coastal-trial
Length: 2940.331 m
Source: d7480e35eba40fdb82498ce534866e83547277e78fc1b37404f4478c1a60ef5c
Scenery: 132 placements; environments: 2

s_m	curvature_1_per_m	height_m	outer-left_m	shoulder-left_m	road-left_m	center-left_m	center-right_m	road-right_m	shoulder-right_m	outer-right_m
0.00000000	0.00000000	0.00000000	-20.0000000	-9.00000000	-7.00000000	-0.100000000	0.100000000	7.00000000	9.00000000	20.0000000
25.0000000	0.00000000	0.00000000	-20.0000000	-9.00000000	-7.00000000	-0.100000000	0.100000000	7.00000000	9.00000000	20.0000000
50.0000000	0.00000000	0.00000000	-20.0000000	-9.00000000	-7.00000000	-0.100000000	0.100000000	7.00000000	9.00000000	20.0000000
75.0000000	0.00000000	0.00000000	-20.0000000	-9.00000000	-7.00000000	-0.100000000	0.100000000	7.00000000	9.00000000	20.0000000
100.000000	0.00000000	0.00000000	-20.0000000	-9.00000000	-7.00000000	-0.100000000	0.100000000	7.00000000	9.00000000	20.0000000
125.000000	0.00000000	0.00000000	-20.0000000	-9.00000000	-7.00000000	-0.100000000	0.100000000	7.00000000	9.00000000	20.0000000
150.000000	0.00000000	0.00000000	-20.0000000	-9.00000000	-7.00000000	-0.100000000	0.100000000	7.00000000	9.00000000	20.0000000
175.000000	0.00000000	0.00000000	-20.0000000	-9.00000000	-7.00000000	-0.100000000	0.100000000	7.00000000	9.00000000	20.0000000
200.000000	0.00000000	0.00000000	-20.0000000	-9.00000000	-7.00000000	-0.100000000	0.100000000	7.00000000	9.00000000	20.0000000
225.000000	0.00000000	0.00000000	-20.0000000	-9.00000000	-7.00000000	-0.100000000	0.100000000	7.00000000	9.00000000	20.0000000
250.000000	0.00000000	0.00000000	-20.0000000	-9.00000000	-7.00000000	-0.100000000	0.100000000	7.00000000	9.00000000	20.0000000
275.000000	0.00000000	0.00000000	-20.0000000	-9.00000000	-7.00000000	-0.100000000	0.100000000	7.00000000	9.00000000	20.0000000
300.000000	0.00000000	0.00000000	-20.0000000	-9.00000000	-7.00000000	-0.100000000	0.100000000	7.00000000	9.00000000	20.0000000
325.000000	0.00000000	0.00000000	-20.0000000	-9.00000000	-7.00000000	-0.100000000	0.100000000	7.00000000	9.00000000	20.0000000
350.000000	0.00000000	0.00000000	-20.0000000	-9.00000000	-7.00000000	-0.100000000	0.100000000	7.00000000	9.00000000	20.0000000
375.000000	0.00000000	0.00000000	-20.0000000	-9.00000000	-7.00000000	-0.100000000	0.100000000	7.00000000	9.00000000	20.0000000
400.000000	0.00000000	0.00000000	-20.0000000	-9.00000000	-7.00000000	-0.100000000	0.100000000	7.00000000	9.00000000	20.0000000
420.000000	0.00268633665	0.00000000	-20.0000000	-9.00000000	-7.00000000	-0.100000000	0.100000000	7.00000000	9.00000000	20.0000000
425.000000	0.00268633665	0.00256562180	-20.0000000	-9.03216104	-7.03216104	-0.100000000	0.100000000	7.03216104	9.03216104	20.0000000
450.000000	0.00268820520	0.0921157854	-20.0000000	-9.19296626	-7.19296626	-0.100000000	0.100000000	7.19296626	9.19296626	20.0000000
475.000000	0.00268820520	0.307605841	-20.0000000	-9.35377148	-7.35377148	-0.100000000	0.100000000	7.35377148	9.35377148	20.0000000
500.000000	0.00268820520	0.644108524	-20.0000000	-9.51457670	-7.51457670	-0.100000000	0.100000000	7.51457670	9.51457670	20.0000000
525.000000	0.00268820520	1.09392957	-20.0000000	-9.67538192	-7.67538192	-0.100000000	0.100000000	7.67538192	9.67538192	20.0000000
550.000000	0.00268820520	1.64678366	-20.0000000	-9.83618714	-7.83618714	-0.100000000	0.100000000	7.83618714	9.83618714	20.0000000
575.000000	0.00268820520	2.29002955	-20.0000000	-9.99699236	-7.99699236	-0.100000000	0.100000000	7.99699236	9.99699236	20.0000000
600.000000	0.00268820520	3.00895920	-20.0000000	-10.1577976	-8.15779758	-0.100000000	0.100000000	8.15779758	10.1577976	20.0000000
625.000000	0.00268820520	3.78713398	-20.0000000	-10.3186028	-8.31860279	-0.100000000	0.100000000	8.31860279	10.3186028	20.0000000
650.000000	0.00268820520	4.60676065	-20.0000000	-10.4794080	-8.47940801	-0.100000000	0.100000000	8.47940801	10.4794080	20.0000000
675.000000	0.00268633665	5.44909812	-20.0000000	-10.6402132	-8.64021323	-0.100000000	0.100000000	8.64021323	10.6402132	20.0000000
700.000000	0.00000000	6.29488601	-20.0000000	-10.8010185	-8.80101845	-0.100000000	0.100000000	8.80101845	10.8010185	20.0000000
725.000000	0.00000000	7.12478508	-20.0000000	-10.9618237	-8.96182367	-0.100000000	0.100000000	8.96182367	10.9618237	20.0000000
750.000000	0.00000000	7.91981934	-20.0000000	-11.1226289	-9.12262889	-0.100000000	0.100000000	9.12262889	11.1226289	20.0000000
775.000000	0.00000000	8.66181004	-20.0000000	-11.2834341	-9.28343411	-0.100000000	0.100000000	9.28343411	11.2834341	20.0000000
800.000000	0.00000000	9.33379128	-20.0000000	-11.4442393	-9.44423933	-0.100000000	0.100000000	9.44423933	11.4442393	20.0000000
825.000000	0.00000000	9.92039794	-20.0000000	-11.6050445	-9.60504454	-0.100000000	0.100000000	9.60504454	11.6050445	20.0000000
850.000000	0.00000000	10.4082170	-20.0000000	-11.7658498	-9.76584976	-0.100000000	0.100000000	9.76584976	11.7658498	20.0000000
875.000000	0.00000000	10.7860944	-20.0000000	-11.9266550	-9.92665498	-0.100000000	0.100000000	9.92665498	11.9266550	20.0000000
886.402773	0.00000000	10.9194922	-20.0000000	-12.0000000	-10.0000000	-0.100000000	0.100000000	10.0000000	12.0000000	20.0000000
900.000000	0.00000000	11.0453897	-20.0000000	-12.0000000	-10.0000000	-0.100000000	0.100000000	10.0000000	12.0000000	20.0000000
925.000000	0.00000000	11.1801741	-20.0000000	-12.0000000	-10.0000000	-0.100000000	0.100000000	10.0000000	12.0000000	20.0000000
938.902773	0.00000000	11.2000000	-20.0000000	-12.0000000	-10.0000000	-0.100000000	0.100000000	10.0000000	12.0000000	20.0000000
950.000000	0.00000000	11.2000000	-20.0000000	-12.0000000	-10.0000000	-0.100000000	0.100000000	10.0000000	12.0000000	20.0000000
975.000000	0.00000000	11.2000000	-20.0000000	-12.0000000	-10.0000000	-0.100000000	0.100000000	10.0000000	12.0000000	20.0000000
1000.00000	0.00000000	11.2000000	-20.0000000	-12.0000000	-10.0000000	-0.100000000	0.100000000	10.0000000	12.0000000	20.0000000
1025.00000	0.00000000	11.2000000	-20.0000000	-12.0000000	-10.0000000	-0.100000000	0.100000000	10.0000000	12.0000000	20.0000000
1050.00000	0.00000000	11.2000000	-20.0000000	-12.0000000	-10.0000000	-0.100000000	0.100000000	10.0000000	12.0000000	20.0000000
1075.00000	0.00000000	11.2000000	-20.0000000	-12.0000000	-10.0000000	-0.100000000	0.100000000	10.0000000	12.0000000	20.0000000
1100.00000	0.00000000	11.2000000	-20.0000000	-12.0000000	-10.0000000	-0.100000000	0.100000000	10.0000000	12.0000000	20.0000000
1125.00000	0.00000000	11.2000000	-20.0000000	-12.0000000	-10.0000000	-0.100000000	0.100000000	10.0000000	12.0000000	20.0000000
1150.00000	0.00000000	11.2000000	-20.0000000	-12.0000000	-10.0000000	-0.100000000	0.100000000	10.0000000	12.0000000	20.0000000
1175.00000	0.00000000	11.2000000	-20.0000000	-12.0000000	-10.0000000	-0.100000000	0.100000000	10.0000000	12.0000000	20.0000000
1200.00000	-0.00235054457	11.2000000	-20.0000000	-12.0000000	-10.0000000	-0.100000000	0.100000000	10.0000000	12.0000000	20.0000000
1201.40277	-0.00235054457	11.2000000	-20.0000000	-12.0000000	-10.0000000	-0.100000000	0.100000000	10.0000000	12.0000000	20.0000000
1225.00000	-0.00235217955	11.1666619	-20.0000000	-11.8722189	-9.87221890	-0.100000000	0.100000000	9.87221890	11.8722189	20.0000000
1250.00000	-0.00235217955	11.0589376	-20.0000000	-11.7368417	-9.73684165	-0.100000000	0.100000000	9.73684165	11.7368417	20.0000000
1275.00000	-0.00235217955	10.8777697	-20.0000000	-11.6014644	-9.60146441	-0.100000000	0.100000000	9.60146441	11.6014644	20.0000000
1300.00000	-0.00235217955	10.6249423	-20.0000000	-11.4660872	-9.46608716	-0.100000000	0.100000000	9.46608716	11.4660872	20.0000000
1325.00000	-0.00235217955	10.3029446	-20.0000000	-11.3307099	-9.33070992	-0.100000000	0.100000000	9.33070992	11.3307099	20.0000000
1350.00000	-0.00235217955	9.91494728	-20.0000000	-11.1953327	-9.19533268	-0.100000000	0.100000000	9.19533268	11.1953327	20.0000000
1375.00000	-0.00235217955	9.46477061	-20.0000000	-11.0599554	-9.05995543	-0.100000000	0.100000000	9.05995543	11.0599554	20.0000000
1400.00000	-0.00235217955	8.95684724	-20.0000000	-10.9245782	-8.92457819	-0.100000000	0.100000000	8.92457819	10.9245782	20.0000000
1425.00000	-0.00235217955	8.39617835	-20.0000000	-10.7892009	-8.78920094	-0.100000000	0.100000000	8.78920094	10.7892009	20.0000000
1450.00000	-0.00235217955	7.78828451	-20.0000000	-10.6538237	-8.65382370	-0.100000000	0.100000000	8.65382370	10.6538237	20.0000000
1475.00000	-0.00235217955	7.13915126	-20.0000000	-10.5184465	-8.51844645	-0.100000000	0.100000000	8.51844645	10.5184465	20.0000000
1500.00000	-0.00235217955	6.45517021	-20.0000000	-10.3830692	-8.38306921	-0.100000000	0.100000000	8.38306921	10.3830692	20.0000000
1525.00000	-0.00235217955	5.74307609	-20.0000000	-10.2476920	-8.24769196	-0.100000000	0.100000000	8.24769196	10.2476920	20.0000000
1550.00000	-0.00235217955	5.00988044	-20.0000000	-10.1123147	-8.11231472	-0.100000000	0.100000000	8.11231472	10.1123147	20.0000000
1575.00000	-0.00235217955	4.26280259	-20.0000000	-9.97693747	-7.97693747	-0.100000000	0.100000000	7.97693747	9.97693747	20.0000000
1600.00000	-0.00235217955	3.50919854	-20.0000000	-9.84156023	-7.84156023	-0.100000000	0.100000000	7.84156023	9.84156023	20.0000000
1625.00000	-0.00235217955	2.75648855	-20.0000000	-9.70618298	-7.70618298	-0.100000000	0.100000000	7.70618298	9.70618298	20.0000000
1650.00000	-0.00235217955	2.01208409	-20.0000000	-9.57080574	-7.57080574	-0.100000000	0.100000000	7.57080574	9.57080574	20.0000000
1675.00000	-0.00235054457	1.28331485	-20.0000000	-9.43542849	-7.43542849	-0.100000000	0.100000000	7.43542849	9.43542849	20.0000000
1700.00000	0.00000000	0.577356541	-20.0000000	-9.30005125	-7.30005125	-0.100000000	0.100000000	7.30005125	9.30005125	20.0000000
1725.00000	0.00000000	-0.0988396917	-20.0000000	-9.16467400	-7.16467400	-0.100000000	0.100000000	7.16467400	9.16467400	20.0000000
1750.00000	0.00000000	-0.738615772	-20.0000000	-9.02929676	-7.02929676	-0.100000000	0.100000000	7.02929676	9.02929676	20.0000000
1775.00000	0.00000000	-1.33567223	-20.0000000	-8.89391952	-6.89391952	-0.100000000	0.100000000	6.89391952	8.89391952	20.0000000
1800.00000	0.00000000	-1.88413022	-20.0000000	-8.75854227	-6.75854227	-0.100000000	0.100000000	6.75854227	8.75854227	20.0000000
1825.00000	0.00000000	-2.37858942	-20.0000000	-8.62316503	-6.62316503	-0.100000000	0.100000000	6.62316503	8.62316503	20.0000000
1850.00000	0.00000000	-2.81418121	-20.0000000	-8.48778778	-6.48778778	-0.100000000	0.100000000	6.48778778	8.48778778	20.0000000
1875.00000	0.00000000	-3.18661658	-20.0000000	-8.35241054	-6.35241054	-0.100000000	0.100000000	6.35241054	8.35241054	20.0000000
1900.00000	0.00000000	-3.49222840	-20.0000000	-8.21703329	-6.21703329	-0.100000000	0.100000000	6.21703329	8.21703329	20.0000000
1925.00000	0.00000000	-3.72800750	-20.0000000	-8.08165605	-6.08165605	-0.100000000	0.100000000	6.08165605	8.08165605	20.0000000
1940.07935	0.00000000	-3.83545612	-20.0000000	-8.00000000	-6.00000000	-0.100000000	0.100000000	6.00000000	8.00000000	20.0000000
1950.00000	0.00000000	-3.89163231	-20.0000000	-8.00000000	-6.00000000	-0.100000000	0.100000000	6.00000000	8.00000000	20.0000000
1975.00000	0.00000000	-3.98149173	-20.0000000	-8.00000000	-6.00000000	-0.100000000	0.100000000	6.00000000	8.00000000	20.0000000
1992.57935	0.00000000	-4.00000000	-20.0000000	-8.00000000	-6.00000000	-0.100000000	0.100000000	6.00000000	8.00000000	20.0000000
2000.00000	0.00000000	-4.00000000	-20.0000000	-8.00000000	-6.00000000	-0.100000000	0.100000000	6.00000000	8.00000000	20.0000000
2025.00000	0.00000000	-4.00000000	-20.0000000	-8.00000000	-6.00000000	-0.100000000	0.100000000	6.00000000	8.00000000	20.0000000
2050.00000	0.00000000	-4.00000000	-20.0000000	-8.00000000	-6.00000000	-0.100000000	0.100000000	6.00000000	8.00000000	20.0000000
2075.00000	0.00000000	-4.00000000	-20.0000000	-8.00000000	-6.00000000	-0.100000000	0.100000000	6.00000000	8.00000000	20.0000000
2100.00000	0.00000000	-4.00000000	-20.0000000	-8.00000000	-6.00000000	-0.100000000	0.100000000	6.00000000	8.00000000	20.0000000
2125.00000	0.00000000	-4.00000000	-20.0000000	-8.00000000	-6.00000000	-0.100000000	0.100000000	6.00000000	8.00000000	20.0000000
2150.00000	0.00000000	-4.00000000	-20.0000000	-8.00000000	-6.00000000	-0.100000000	0.100000000	6.00000000	8.00000000	20.0000000
2175.00000	0.00000000	-4.00000000	-20.0000000	-8.00000000	-6.00000000	-0.100000000	0.100000000	6.00000000	8.00000000	20.0000000
2200.00000	0.00268633665	-4.00000000	-20.0000000	-8.00000000	-6.00000000	-0.100000000	0.100000000	6.00000000	8.00000000	20.0000000
2202.57935	0.00268633665	-4.00000000	-20.0000000	-8.00000000	-6.00000000	-0.100000000	0.100000000	6.00000000	8.00000000	20.0000000
2225.00000	0.00268820520	-3.97544108	-20.0000000	-8.03039050	-6.03039050	-0.100000000	0.100000000	6.03039050	8.03039050	20.0000000
2250.00000	0.00268820520	-3.89091857	-20.0000000	-8.06427724	-6.06427724	-0.100000000	0.100000000	6.06427724	8.06427724	20.0000000
2275.00000	0.00268820520	-3.74868635	-20.0000000	-8.09816398	-6.09816398	-0.100000000	0.100000000	6.09816398	8.09816398	20.0000000
2300.00000	0.00268820520	-3.55308526	-20.0000000	-8.13205072	-6.13205072	-0.100000000	0.100000000	6.13205072	8.13205072	20.0000000
2325.00000	0.00268820520	-3.31008492	-20.0000000	-8.16593746	-6.16593746	-0.100000000	0.100000000	6.16593746	8.16593746	20.0000000
2350.00000	0.00000000	-3.02710157	-20.0000000	-8.19982420	-6.19982420	-0.100000000	0.100000000	6.19982420	8.19982420	20.0000000
2375.00000	0.00000000	-2.71277169	-20.0000000	-8.23371094	-6.23371094	-0.100000000	0.100000000	6.23371094	8.23371094	20.0000000
2400.00000	0.00000000	-2.37668844	-20.0000000	-8.26759767	-6.26759767	-0.100000000	0.100000000	6.26759767	8.26759767	20.0000000
2425.00000	0.00000000	-2.02910889	-20.0000000	-8.30148441	-6.30148441	-0.100000000	0.100000000	6.30148441	8.30148441	20.0000000
2450.00000	0.00000000	-1.68064094	-20.0000000	-8.33537115	-6.33537115	-0.100000000	0.100000000	6.33537115	8.33537115	20.0000000
2475.00000	0.00000000	-1.34191965	-20.0000000	-8.36925789	-6.36925789	-0.100000000	0.100000000	6.36925789	8.36925789	20.0000000
2500.00000	0.00000000	-1.02328258	-20.0000000	-8.40314463	-6.40314463	-0.100000000	0.100000000	6.40314463	8.40314463	20.0000000
2525.00000	0.00000000	-0.734454339	-20.0000000	-8.43703137	-6.43703137	-0.100000000	0.100000000	6.43703137	8.43703137	20.0000000
2550.00000	0.00000000	-0.484249807	-20.0000000	-8.47091810	-6.47091810	-0.100000000	0.100000000	6.47091810	8.47091810	20.0000000
2575.00000	0.00000000	-0.280305071	-20.0000000	-8.50480484	-6.50480484	-0.100000000	0.100000000	6.50480484	8.50480484	20.0000000
2600.00000	0.00000000	-0.128844404	-20.0000000	-8.53869158	-6.53869158	-0.100000000	0.100000000	6.53869158	8.53869158	20.0000000
2625.00000	0.00000000	-0.0344902968	-20.0000000	-8.57257832	-6.57257832	-0.100000000	0.100000000	6.57257832	8.57257832	20.0000000
2650.00000	0.00000000	-0.000122379905	-20.0000000	-8.60646506	-6.60646506	-0.100000000	0.100000000	6.60646506	8.60646506	20.0000000
2651.58109	0.00000000	0.00000000	-20.0000000	-8.60860817	-6.60860817	-0.100000000	0.100000000	6.60860817	8.60860817	20.0000000
2675.00000	0.00000000	0.00000000	-20.0000000	-8.64035180	-6.64035180	-0.100000000	0.100000000	6.64035180	8.64035180	20.0000000
2700.00000	0.00000000	0.00000000	-20.0000000	-8.67423853	-6.67423853	-0.100000000	0.100000000	6.67423853	8.67423853	20.0000000
2725.00000	0.00000000	0.00000000	-20.0000000	-8.70812527	-6.70812527	-0.100000000	0.100000000	6.70812527	8.70812527	20.0000000
2750.00000	0.00000000	0.00000000	-20.0000000	-8.74201201	-6.74201201	-0.100000000	0.100000000	6.74201201	8.74201201	20.0000000
2775.00000	0.00000000	0.00000000	-20.0000000	-8.77589875	-6.77589875	-0.100000000	0.100000000	6.77589875	8.77589875	20.0000000
2800.00000	0.00000000	0.00000000	-20.0000000	-8.80978549	-6.80978549	-0.100000000	0.100000000	6.80978549	8.80978549	20.0000000
2825.00000	0.00000000	0.00000000	-20.0000000	-8.84367223	-6.84367223	-0.100000000	0.100000000	6.84367223	8.84367223	20.0000000
2850.00000	0.00000000	0.00000000	-20.0000000	-8.87755897	-6.87755897	-0.100000000	0.100000000	6.87755897	8.87755897	20.0000000
2875.00000	0.00000000	0.00000000	-20.0000000	-8.91144570	-6.91144570	-0.100000000	0.100000000	6.91144570	8.91144570	20.0000000
2900.00000	0.00000000	0.00000000	-20.0000000	-8.94533244	-6.94533244	-0.100000000	0.100000000	6.94533244	8.94533244	20.0000000
2925.00000	0.00000000	0.00000000	-20.0000000	-8.97921918	-6.97921918	-0.100000000	0.100000000	6.97921918	8.97921918	20.0000000
2940.33109	0.00000000	0.00000000	-20.0000000	-9.00000000	-7.00000000	-0.100000000	0.100000000	7.00000000	9.00000000	20.0000000

SCENERY: s_m l_m asset state
84.000 -12.000 tree always
126.000 -12.000 tree always
168.000 -12.000 tree always
210.000 -12.000 tree always
252.000 -12.000 tree always
294.000 -12.000 tree always
336.000 -12.000 tree always
378.000 -12.000 tree always
420.000 -12.000 tree always
462.000 -12.270 tree always
504.000 -12.540 tree always
546.000 -12.810 tree always
588.000 -13.081 tree always
630.000 -13.351 tree always
672.000 -13.621 tree always
714.000 -13.891 tree always
756.000 -14.161 tree always
798.000 -14.431 tree always
840.000 -14.702 tree always
882.000 -14.972 tree always
924.000 -15.000 tree always
966.000 -15.000 tree always
1008.000 -15.000 tree always
1050.000 -15.000 tree always
1092.000 -15.000 tree always
1134.000 -15.000 tree always
1176.000 -15.000 tree always
1218.000 -14.910 tree always
1260.000 -14.683 tree always
1302.000 -14.455 tree always
1344.000 -14.228 tree always
1386.000 -14.000 tree always
1428.000 -13.773 tree always
1470.000 -13.546 tree always
1512.000 -13.318 tree always
1554.000 -13.091 tree always
1596.000 -12.863 tree always
1638.000 -12.636 tree always
1680.000 -12.408 tree always
1722.000 -12.181 tree always
1764.000 -11.953 tree always
1806.000 -11.726 tree always
1848.000 -11.499 tree always
1890.000 -11.271 tree always
1932.000 -11.044 tree always
1974.000 -11.000 tree always
2016.000 -11.000 tree always
2058.000 -11.000 tree always
2100.000 -11.000 tree always
2142.000 -11.000 tree always
2184.000 -11.000 tree always
2226.000 -11.032 tree always
2268.000 -11.089 tree always
2310.000 -11.146 tree always
2352.000 -11.203 tree always
2394.000 -11.259 tree always
2436.000 -11.316 tree always
2478.000 -11.373 tree always
2520.000 -11.430 tree always
2562.000 -11.487 tree always
2604.000 -11.544 tree always
2646.000 -11.601 tree always
2688.000 -11.658 tree always
2730.000 -11.715 tree always
2772.000 -11.772 tree always
2814.000 -11.829 tree always
84.000 12.000 tree always
126.000 12.000 tree always
168.000 12.000 tree always
210.000 12.000 tree always
252.000 12.000 tree always
294.000 12.000 tree always
336.000 12.000 tree always
378.000 12.000 tree always
420.000 12.000 tree always
462.000 12.270 tree always
504.000 12.540 tree always
546.000 12.810 tree always
588.000 13.081 tree always
630.000 13.351 tree always
672.000 13.621 tree always
714.000 13.891 tree always
756.000 14.161 tree always
798.000 14.431 tree always
840.000 14.702 tree always
882.000 14.972 tree always
924.000 15.000 tree always
966.000 15.000 tree always
1008.000 15.000 tree always
1050.000 15.000 tree always
1092.000 15.000 tree always
1134.000 15.000 tree always
1176.000 15.000 tree always
1218.000 14.910 tree always
1260.000 14.683 tree always
1302.000 14.455 tree always
1344.000 14.228 tree always
1386.000 14.000 tree always
1428.000 13.773 tree always
1470.000 13.546 tree always
1512.000 13.318 tree always
1554.000 13.091 tree always
1596.000 12.863 tree always
1638.000 12.636 tree always
1680.000 12.408 tree always
1722.000 12.181 tree always
1764.000 11.953 tree always
1806.000 11.726 tree always
1848.000 11.499 tree always
1890.000 11.271 tree always
1932.000 11.044 tree always
1974.000 11.000 tree always
2016.000 11.000 tree always
2058.000 11.000 tree always
2100.000 11.000 tree always
2142.000 11.000 tree always
2184.000 11.000 tree always
2226.000 11.032 tree always
2268.000 11.089 tree always
2310.000 11.146 tree always
2352.000 11.203 tree always
2394.000 11.259 tree always
2436.000 11.316 tree always
2478.000 11.373 tree always
2520.000 11.430 tree always
2562.000 11.487 tree always
2604.000 11.544 tree always
2646.000 11.601 tree always
2688.000 11.658 tree always
2730.000 11.715 tree always
2772.000 11.772 tree always
2814.000 11.829 tree always

ENVIRONMENTS
0.000 COASTAL TRIAL
1201.403 HIGHLAND TRIAL
